-1 -1 -1 -1 -1 -1 -1 -1 -1 -1 -1 -1 -1 -1 -1 -1 -1 -1 -1 -1 -1 -1 -1 -1 -1 -1 -1 -1 -1 -1 -1 -1 -1 -1 -1 -1 -1 -1 -1 -1 -1 -1 -1 -1 -1 -1 -1 -1 -1 -1 -1 -1 -1 -1 -1 -1 -1 -1 -1 -1 -1 -1 -1 -1 -1 -1 -1 -1 -1 -1 -1 -1 -1 -1 -1 -1 -1 -1 -1 -1 -1 -1 -1 -1 8 -1 -1 -1 -1 -1 -1 -1 -1 -1 -1 -1
-1 -1 -1 -1 -1 -1 -1 -1 -1 -1 -1 -1 -1 -1 -1 -1 -1 -1 -1 -1 -1 -1 -1 -1 -1 -1 -1 -1 -1 -1 -1 -1 -1 -1 -1 -1 -1 -1 -1 -1 -1 -1 -1 -1 -1 -1 -1 -1 -1 -1 -1 -1 -1 -1 -1 -1 -1 -1 -1 -1 -1 -1 -1 -1 -1 -1 -1 -1 -1 -1 -1 -1 -1 -1 -1 -1 -1 -1 -1 -1 -1 8 8 8 8 -1 -1 -1 -1 -1 -1 -1 -1 -1 -1 -1
-1 -1 -1 -1 -1 -1 -1 -1 -1 -1 -1 -1 -1 -1 -1 -1 -1 -1 -1 -1 -1 -1 -1 -1 -1 -1 -1 -1 -1 -1 -1 -1 -1 -1 -1 -1 -1 -1 -1 -1 -1 -1 -1 -1 -1 -1 -1 -1 -1 -1 -1 -1 -1 -1 -1 -1 -1 -1 -1 -1 -1 -1 -1 -1 -1 -1 -1 -1 -1 -1 -1 -1 -1 -1 -1 -1 -1 -1 6 8 8 8 8 8 8 8 -1 -1 -1 -1 -1 -1 -1 -1 -1 -1
-1 -1 -1 -1 -1 -1 -1 -1 -1 -1 -1 -1 -1 -1 -1 -1 -1 -1 -1 -1 -1 -1 -1 -1 -1 -1 -1 -1 -1 -1 -1 -1 -1 -1 -1 -1 -1 -1 -1 -1 -1 -1 -1 -1 -1 -1 -1 -1 -1 -1 -1 -1 -1 -1 -1 -1 -1 -1 -1 -1 -1 -1 -1 -1 -1 -1 -1 -1 -1 -1 -1 -1 -1 -1 -1 6 2 2 6 8 2 8 1 8 8 8 -1 -1 -1 -1 -1 -1 -1 -1 -1 -1
-1 -1 -1 -1 -1 -1 -1 -1 -1 -1 -1 -1 -1 -1 -1 -1 -1 -1 -1 -1 -1 -1 -1 -1 -1 -1 -1 -1 -1 -1 -1 -1 -1 -1 -1 -1 -1 -1 -1 -1 -1 -1 -1 -1 -1 -1 -1 -1 -1 -1 -1 -1 -1 -1 -1 -1 -1 -1 -1 -1 -1 -1 -1 -1 -1 -1 -1 -1 -1 -1 -1 -1 8 8 2 6 6 6 6 6 6 2 2 8 8 6 -1 -1 -1 -1 -1 -1 -1 -1 -1 -1
-1 -1 -1 -1 -1 -1 -1 -1 -1 -1 -1 -1 -1 -1 -1 -1 -1 -1 -1 -1 -1 -1 -1 -1 -1 -1 -1 -1 -1 -1 -1 -1 -1 -1 -1 -1 -1 -1 -1 -1 -1 -1 -1 -1 -1 -1 -1 -1 -1 -1 -1 -1 -1 -1 -1 -1 -1 -1 -1 -1 -1 -1 -1 -1 -1 -1 -1 -1 -1 8 8 8 8 8 8 8 2 2 8 8 6 6 6 6 6 6 8 -1 -1 -1 -1 -1 -1 -1 -1 -1
-1 -1 -1 -1 -1 -1 -1 -1 -1 -1 -1 -1 -1 -1 -1 -1 -1 -1 -1 -1 -1 -1 -1 -1 -1 -1 -1 -1 -1 -1 -1 -1 -1 -1 -1 -1 -1 -1 -1 -1 -1 -1 -1 -1 -1 -1 -1 -1 -1 -1 -1 -1 -1 -1 -1 -1 -1 -1 -1 -1 -1 -1 -1 -1 -1 -1 -1 8 8 8 8 8 8 8 8 8 8 8 8 8 8 8 8 8 8 8 8 -1 -1 -1 -1 -1 -1 -1 -1 -1
-1 -1 -1 -1 -1 -1 -1 -1 -1 -1 -1 -1 -1 -1 -1 -1 -1 -1 -1 -1 -1 -1 -1 -1 -1 -1 -1 -1 -1 -1 -1 -1 -1 -1 -1 -1 -1 -1 -1 -1 -1 -1 -1 -1 -1 -1 -1 -1 -1 -1 -1 -1 -1 -1 -1 -1 -1 -1 -1 -1 -1 -1 -1 -1 8 8 8 8 8 8 8 8 8 8 8 8 8 8 8 8 8 8 8 8 8 8 8 -1 -1 -1 -1 -1 -1 -1 -1 -1
-1 -1 -1 -1 -1 -1 -1 -1 -1 -1 -1 -1 -1 -1 -1 -1 -1 -1 -1 -1 -1 -1 -1 -1 -1 -1 -1 -1 -1 -1 -1 -1 -1 -1 -1 -1 -1 -1 -1 -1 -1 -1 -1 -1 -1 -1 -1 -1 -1 -1 -1 -1 -1 -1 -1 -1 -1 -1 -1 -1 -1 6 0 8 8 8 8 8 8 8 8 8 8 8 8 2 2 6 6 6 6 6 6 6 6 8 8 8 -1 -1 -1 -1 -1 -1 -1 -1
-1 -1 -1 -1 -1 -1 -1 -1 -1 -1 -1 -1 -1 -1 -1 -1 -1 -1 -1 -1 -1 -1 -1 -1 -1 -1 -1 -1 -1 -1 -1 -1 -1 -1 -1 -1 -1 -1 -1 -1 -1 -1 -1 -1 -1 -1 -1 -1 -1 -1 -1 -1 -1 -1 -1 -1 -1 -1 8 8 1 6 6 6 6 8 8 8 8 8 8 8 8 8 8 8 2 6 1 8 2 8 2 2 2 8 8 8 -1 -1 -1 -1 -1 -1 -1 -1
-1 -1 -1 -1 -1 -1 -1 -1 -1 -1 -1 -1 -1 -1 -1 -1 -1 -1 -1 -1 -1 -1 -1 -1 -1 -1 -1 -1 -1 -1 -1 -1 -1 -1 -1 -1 -1 -1 -1 -1 -1 -1 -1 -1 -1 -1 -1 -1 -1 -1 -1 -1 -1 -1 -1 8 8 8 8 8 1 6 1 1 6 6 1 1 2 8 8 8 8 8 8 8 8 6 6 2 8 2 8 8 8 8 8 8 8 -1 -1 -1 -1 -1 -1 -1
-1 -1 -1 -1 -1 -1 -1 -1 -1 -1 -1 -1 -1 -1 -1 -1 -1 -1 -1 -1 -1 -1 -1 -1 -1 -1 -1 -1 -1 -1 -1 -1 -1 -1 -1 -1 -1 -1 -1 -1 -1 -1 -1 -1 -1 -1 -1 -1 -1 -1 -1 -1 -1 2 2 8 8 8 8 8 8 6 6 6 1 6 6 6 1 2 1 2 8 8 8 2 8 8 6 6 6 6 1 8 8 8 8 8 8 -1 -1 -1 -1 -1 -1 -1
-1 -1 -1 -1 -1 -1 -1 -1 -1 -1 -1 -1 -1 -1 -1 -1 -1 -1 -1 -1 -1 -1 -1 -1 -1 -1 -1 -1 -1 -1 -1 -1 -1 -1 -1 -1 -1 -1 -1 -1 -1 -1 -1 -1 -1 -1 -1 -1 -1 -1 8 8 2 2 6 3 3 8 8 8 8 1 0 6 6 6 5 6 6 6 6 1 2 1 8 8 8 8 2 8 2 6 1 2 8 8 8 8 8 -1 -1 -1 -1 -1 -1 -1
-1 -1 -1 -1 -1 -1 -1 -1 -1 -1 -1 -1 -1 -1 -1 -1 -1 -1 -1 -1 -1 -1 -1 -1 -1 -1 -1 -1 -1 -1 -1 -1 -1 -1 -1 -1 -1 -1 -1 -1 -1 -1 -1 -1 -1 -1 -1 2 2 2 6 6 6 6 6 8 8 8 8 6 6 6 6 6 8 6 8 8 8 8 6 6 6 2 2 8 8 2 8 8 8 6 2 8 8 8 8 8 8 8 -1 -1 -1 -1 -1 -1
-1 -1 -1 -1 -1 -1 -1 -1 -1 -1 -1 -1 -1 -1 -1 -1 -1 -1 -1 -1 -1 -1 -1 -1 -1 -1 -1 -1 -1 -1 -1 -1 -1 -1 -1 -1 -1 -1 -1 -1 -1 -1 -1 -1 8 6 6 6 6 6 6 4 2 2 2 8 8 8 6 6 3 3 3 3 6 6 6 6 8 8 8 1 6 1 2 6 6 6 6 6 6 6 8 8 8 8 8 8 8 8 -1 -1 -1 -1 -1 -1
-1 -1 -1 -1 -1 -1 -1 -1 -1 -1 -1 -1 -1 -1 -1 -1 -1 -1 -1 -1 -1 -1 -1 -1 -1 -1 -1 -1 -1 -1 -1 -1 -1 -1 -1 -1 -1 -1 -1 -1 -1 8 8 2 6 6 8 8 1 2 2 8 8 8 8 8 8 6 6 3 3 3 3 3 6 3 3 3 6 8 8 5 6 6 6 6 8 8 8 8 2 2 8 2 8 8 8 2 8 8 -1 -1 -1 -1 -1 -1
-1 -1 -1 -1 -1 -1 -1 -1 -1 -1 -1 -1 -1 -1 -1 -1 -1 -1 -1 -1 -1 -1 -1 -1 -1 -1 -1 -1 -1 -1 -1 -1 -1 -1 -1 -1 -1 -1 8 8 8 6 6 6 8 6 6 6 6 8 1 8 8 8 8 8 6 6 3 3 3 3 6 6 6 6 3 3 3 6 6 8 8 1 1 6 2 1 3 8 8 8 8 8 8 8 8 2 8 8 8 -1 -1 -1 -1 -1
-1 -1 -1 -1 -1 -1 -1 -1 -1 -1 -1 -1 -1 -1 -1 -1 -1 -1 -1 -1 -1 -1 -1 -1 -1 -1 -1 -1 -1 -1 -1 -1 -1 -1 -1 -1 8 2 2 8 2 6 2 2 2 8 8 8 6 5 8 8 8 6 6 6 6 4 3 3 3 6 6 8 4 6 6 6 3 8 6 6 0 1 1 6 0 2 3 8 2 8 8 8 8 8 8 1 1 8 8 -1 -1 -1 -1 -1
-1 -1 -1 -1 -1 -1 -1 -1 -1 -1 -1 -1 -1 -1 -1 -1 -1 -1 -1 -1 -1 -1 -1 -1 -1 -1 -1 -1 -1 -1 -1 -1 -1 0 0 0 2 2 2 1 2 6 2 2 2 8 8 1 6 6 6 6 6 6 1 1 1 4 6 6 6 6 8 8 8 8 8 6 6 1 1 6 6 6 6 6 6 6 8 8 8 8 8 8 8 8 8 8 8 8 8 -1 -1 -1 -1 -1
-1 -1 -1 -1 -1 -1 -1 -1 -1 -1 -1 -1 -1 -1 -1 -1 -1 -1 -1 -1 -1 -1 -1 -1 -1 -1 -1 -1 -1 -1 1 1 6 6 6 6 6 6 6 6 6 6 8 8 8 8 6 6 2 2 2 2 1 2 1 2 1 4 6 1 1 6 8 8 8 8 8 8 6 1 1 6 1 1 3 1 1 6 8 8 8 8 1 1 8 8 8 8 8 6 6 6 -1 -1 -1 -1
-1 -1 -1 -1 -1 -1 -1 -1 -1 -1 -1 -1 -1 -1 -1 -1 -1 -1 -1 -1 -1 -1 -1 -1 -1 -1 -1 8 8 1 2 2 6 0 0 8 8 8 8 2 2 8 8 8 8 6 6 2 2 3 3 3 1 2 6 6 6 6 6 6 6 6 6 6 6 6 6 6 6 6 6 6 6 1 3 1 1 6 1 8 2 2 2 8 8 8 8 8 6 6 5 5 -1 -1 -1 -1
-1 -1 -1 -1 -1 -1 -1 -1 -1 -1 -1 -1 -1 -1 -1 -1 -1 -1 -1 -1 -1 -1 -1 -1 8 8 8 4 3 4 2 2 6 0 8 8 8 8 8 2 2 6 6 6 6 6 1 3 3 3 3 6 6 6 6 8 8 8 6 8 1 6 8 8 8 8 6 8 6 8 6 3 6 6 9 1 1 6 4 8 8 8 8 8 8 8 8 8 6 0 0 8 -1 -1 -1 -1
-1 -1 -1 -1 -1 -1 -1 -1 -1 -1 -1 -1 -1 -1 -1 -1 -1 -1 -1 -1 -1 -1 8 8 8 8 6 6 6 6 6 6 6 6 3 3 8 8 8 8 8 6 5 5 5 1 1 6 6 6 6 6 3 8 3 8 8 8 6 6 6 6 6 6 6 6 6 6 6 6 6 3 3 6 0 0 1 6 4 8 8 8 8 8 8 8 8 8 6 0 0 8 2 -1 -1 -1
-1 -1 -1 -1 -1 -1 -1 -1 -1 -1 -1 -1 -1 -1 -1 -1 -1 -1 -1 8 8 8 8 8 8 6 6 1 2 8 1 2 6 3 3 3 8 4 6 6 6 6 6 6 6 6 6 6 4 6 4 0 0 3 3 4 4 8 6 3 3 3 4 8 5 8 6 4 8 6 4 0 0 6 6 2 0 6 1 8 8 8 8 8 8 8 8 6 6 8 8 8 6 -1 -1 -1
-1 -1 -1 -1 -1 -1 -1 -1 -1 -1 -1 -1 -1 -1 -1 -1 8 8 8 8 8 8 8 9 9 6 1 3 3 8 1 4 6 3 3 3 6 6 6 4 5 1 5 5 6 5 4 6 3 6 6 0 0 3 3 4 4 4 6 3 3 3 4 5 5 5 6 4 4 6 4 4 1 0 6 6 6 6 2 2 8 8 8 8 6 6 6 6 5 8 8 6 6 1 -1 -1
-1 -1 -1 -1 -1 -1 -1 -1 -1 -1 -1 -1 -1 8 8 8 8 8 8 8 1 1 3 3 6 6 6 6 6 6 6 6 6 6 6 6 6 5 9 0 8 4 4 5 6 3 6 6 3 3 6 6 6 6 6 6 6 6 6 6 6 6 6 6 6 6 6 6 6 6 6 6 6 6 6 4 5 6 6 6 6 6 6 6 6 2 2 5 5 8 8 6 1 1 -1 -1
-1 -1 -1 -1 -1 -1 -1 -1 -1 -1 8 8 8 1 1 1 1 9 9 1 6 6 6 6 6 4 2 2 2 2 6 4 1 4 4 1 1 4 0 0 0 2 2 6 6 6 6 1 3 3 3 3 3 4 4 4 0 1 6 3 3 3 1 3 3 3 6 3 3 3 1 4 4 0 1 1 2 1 1 2 1 8 8 8 8 2 2 8 8 8 6 6 6 1 -1 -1
-1 -1 -1 -1 -1 -1 -1 8 8 8 8 8 0 2 6 6 6 6 6 6 6 2 2 2 5 5 2 3 6 6 6 3 3 6 6 6 6 6 6 6 6 6 6 6 8 3 3 5 5 1 1 1 0 8 5 3 4 4 6 1 9 9 0 0 0 0 6 0 0 0 9 0 1 0 1 1 1 2 8 8 6 6 6 6 6 6 8 0 8 8 6 8 6 1 1 -1
-1 -1 -1 -1 -1 8 8 8 8 8 0 0 1 6 6 3 1 1 1 1 1 2 2 2 2 2 3 3 6 3 3 3 3 6 5 5 8 8 8 8 8 8 8 8 8 3 3 1 1 1 1 0 0 4 4 4 5 4 6 3 1 1 8 8 8 8 6 3 3 0 8 8 8 8 0 0 6 6 6 6 6 8 8 8 8 6 6 0 6 6 6 0 6 1 1 -1
-1 -1 8 8 8 8 8 8 8 8 1 2 6 6 3 1 1 1 2 8 1 2 1 2 2 4 6 6 6 6 6 6 6 6 5 5 8 8 8 8 8 8 8 8 8 0 0 0 1 1 0 2 2 4 4 4 8 8 6 3 8 8 8 8 8 8 6 3 3 3 6 6 6 6 6 6 6 8 8 8 8 8 8 8 8 8 6 6 6 8 0 0 6 1 1 -1
-1 8 8 8 8 8 8 8 8 0 1 1 6 3 3 1 1 3 6 6 6 6 6 6 6 6 6 1 6 8 8 8 3 3 5 8 8 8 8 5 8 8 8 8 8 5 1 1 1 3 0 0 2 2 0 8 8 3 6 3 6 6 6 6 6 6 6 6 6 6 6 8 8 8 8 8 8 8 8 8 8 8 8 8 8 8 8 8 8 8 8 8 6 -1 -1 -1
-1 8 8 8 8 8 8 8 8 1 0 0 6 6 6 6 6 6 6 8 1 6 3 3 3 3 8 1 6 8 8 8 3 3 5 8 8 8 8 8 8 8 8 8 5 1 1 1 1 1 1 3 1 1 6 6 6 6 6 6 8 8 8 8 8 8 8 8 8 8 8 8 8 8 8 8 8 8 8 8 8 8 8 8 8 8 8 8 8 8 8 -1 -1 -1 -1 -1
-1 -1 8 8 8 8 8 8 1 0 6 6 6 1 0 3 3 3 8 8 1 6 0 0 4 8 8 5 6 8 4 8 3 8 8 8 5 5 5 4 4 8 8 4 4 1 3 1 1 0 6 6 6 6 6 3 3 8 8 8 8 8 8 8 8 8 8 8 8 8 8 8 8 8 8 8 8 8 8 8 8 8 8 8 8 8 8 8 -1 -1 -1 -1 -1 -1 -1 -1
-1 -1 8 8 8 8 8 0 0 6 6 1 1 0 3 3 3 8 8 8 0 6 8 0 8 8 8 8 6 8 4 8 8 8 6 6 6 6 6 6 6 6 6 6 6 6 6 6 6 6 6 8 4 4 8 8 8 8 8 8 8 8 8 8 8 8 8 8 8 8 8 8 8 8 8 8 8 8 8 8 8 8 8 8 8 -1 -1 -1 -1 -1 -1 -1 -1 -1 -1 -1
-1 -1 8 8 8 8 8 1 6 6 2 1 1 3 3 3 3 8 8 8 0 6 8 8 8 8 6 6 6 6 6 6 6 6 6 3 3 5 2 1 1 1 4 5 5 5 5 5 8 8 8 8 8 8 8 8 8 8 8 8 8 8 8 8 8 8 8 8 8 8 8 8 8 8 8 8 8 8 6 6 6 6 -1 -1 -1 -1 -1 -1 -1 -1 -1 -1 -1 -1 -1 -1
-1 -1 -1 8 8 8 1 1 6 2 1 1 3 3 8 6 6 6 6 8 8 6 8 8 6 6 6 8 4 5 6 4 8 8 8 8 1 3 3 2 1 8 4 4 4 8 8 8 8 8 8 8 8 8 8 8 8 8 8 8 8 8 8 8 8 8 8 8 8 8 8 8 0 0 0 8 6 6 6 -1 -1 -1 -1 -1 -1 -1 -1 -1 -1 -1 -1 -1 -1 -1 -1 -1
-1 -1 -1 8 8 1 1 6 6 0 3 3 3 8 6 6 8 8 6 6 6 6 6 6 6 8 8 8 8 5 6 8 8 8 8 8 9 1 1 1 1 8 8 8 8 8 8 8 8 8 8 8 8 8 8 8 8 8 8 8 8 8 8 8 8 8 8 8 8 2 2 2 2 6 6 6 6 -1 -1 -1 -1 -1 -1 -1 -1 -1 -1 -1 -1 -1 -1 -1 -1 -1 -1 -1
-1 -1 -1 8 8 1 6 6 1 3 3 8 6 6 6 8 8 8 8 8 8 8 6 8 8 8 8 8 8 5 6 2 8 8 8 8 8 8 8 8 8 8 8 8 8 8 8 8 8 8 8 8 8 8 8 8 8 8 8 8 8 8 8 8 8 8 8 8 8 2 6 6 6 6 -1 -1 -1 -1 -1 -1 -1 -1 -1 -1 -1 -1 -1 -1 -1 -1 -1 -1 -1 -1 -1 -1
-1 -1 -1 -1 8 1 6 1 1 3 6 6 6 8 8 8 8 8 8 8 8 8 6 6 6 8 8 8 5 5 6 0 8 8 8 8 8 8 8 8 8 8 8 8 8 8 8 8 8 8 8 8 8 8 8 8 8 8 8 8 8 8 8 8 8 8 8 8 8 2 6 -1 -1 -1 -1 -1 -1 -1 -1 -1 -1 -1 -1 -1 -1 -1 -1 -1 -1 -1 -1 -1 -1 -1 -1 -1
-1 -1 -1 -1 1 6 6 1 6 6 6 8 8 5 8 8 8 8 8 8 8 8 5 5 6 8 8 8 6 6 6 1 8 8 8 8 8 8 8 8 8 8 8 8 8 8 8 8 8 8 8 8 8 8 8 8 8 8 8 8 8 8 8 8 8 8 8 8 -1 -1 -1 -1 -1 -1 -1 -1 -1 -1 -1 -1 -1 -1 -1 -1 -1 -1 -1 -1 -1 -1 -1 -1 -1 -1 -1 -1
-1 -1 -1 -1 6 6 1 6 6 8 8 4 5 8 8 8 8 8 8 8 8 8 5 5 6 8 8 8 6 0 1 8 8 8 8 8 8 8 8 8 8 8 8 8 8 8 8 8 8 8 8 8 8 8 8 8 8 8 8 8 8 8 8 8 8 -1 -1 -1 -1 -1 -1 -1 -1 -1 -1 -1 -1 -1 -1 -1 -1 -1 -1 -1 -1 -1 -1 -1 -1 -1 -1 -1 -1 -1 -1 -1
-1 -1 -1 -1 -1 1 1 6 8 8 8 8 5 8 8 8 8 8 8 8 8 8 8 6 6 4 8 8 0 8 8 8 8 8 8 8 8 8 8 8 8 8 8 8 8 8 8 8 8 8 8 8 8 8 8 8 8 8 8 8 8 8 -1 -1 -1 -1 -1 -1 -1 -1 -1 -1 -1 -1 -1 -1 -1 -1 -1 -1 -1 -1 -1 -1 -1 -1 -1 -1 -1 -1 -1 -1 -1 -1 -1 -1
-1 -1 -1 -1 -1 8 6 6 8 8 8 8 8 8 8 8 8 8 8 8 8 8 6 6 5 4 8 8 8 8 8 8 8 8 8 8 8 8 8 8 8 8 8 8 8 8 8 8 8 8 8 8 8 8 8 8 8 8 8 8 -1 -1 -1 -1 -1 -1 -1 -1 -1 -1 -1 -1 -1 -1 -1 -1 -1 -1 -1 -1 -1 -1 -1 -1 -1 -1 -1 -1 -1 -1 -1 -1 -1 -1 -1 -1
-1 -1 -1 -1 -1 -1 6 8 8 8 8 8 8 8 5 5 5 8 8 4 4 8 6 5 4 8 8 8 8 8 8 8 8 8 8 8 8 6 6 6 8 8 8 8 8 8 8 8 8 8 8 8 8 8 8 8 8 -1 -1 -1 -1 -1 -1 -1 -1 -1 -1 -1 -1 -1 -1 -1 -1 -1 -1 -1 -1 -1 -1 -1 -1 -1 -1 -1 -1 -1 -1 -1 -1 -1 -1 -1 -1 -1 -1 -1
-1 -1 -1 -1 -1 -1 8 8 8 8 8 8 8 8 5 5 5 6 6 6 6 6 6 5 5 8 8 8 8 8 8 8 8 8 8 8 6 6 8 6 8 6 6 6 8 8 8 8 8 8 8 8 8 8 -1 -1 -1 -1 -1 -1 -1 -1 -1 -1 -1 -1 -1 -1 -1 -1 -1 -1 -1 -1 -1 -1 -1 -1 -1 -1 -1 -1 -1 -1 -1 -1 -1 -1 -1 -1 -1 -1 -1 -1 -1 -1
-1 -1 -1 -1 -1 -1 3 3 8 8 8 8 8 8 8 8 8 6 3 3 3 5 5 4 4 8 8 8 8 8 8 8 8 8 8 6 6 8 6 6 8 6 8 6 8 8 8 8 8 8 8 -1 -1 -1 -1 -1 -1 -1 -1 -1 -1 -1 -1 -1 -1 -1 -1 -1 -1 -1 -1 -1 -1 -1 -1 -1 -1 -1 -1 -1 -1 -1 -1 -1 -1 -1 -1 -1 -1 -1 -1 -1 -1 -1 -1 -1
-1 -1 -1 -1 -1 -1 -1 3 8 8 8 8 8 8 8 8 8 6 8 3 3 5 5 5 8 8 8 8 8 8 8 8 8 6 6 6 8 6 6 8 6 6 8 6 8 8 8 8 -1 -1 -1 -1 -1 -1 -1 -1 -1 -1 -1 -1 -1 -1 -1 -1 -1 -1 -1 -1 -1 -1 -1 -1 -1 -1 -1 -1 -1 -1 -1 -1 -1 -1 -1 -1 -1 -1 -1 -1 -1 -1 -1 -1 -1 -1 -1 -1
-1 -1 -1 -1 -1 -1 -1 4 8 8 8 8 8 8 8 8 6 6 8 3 3 8 8 8 8 8 8 8 8 8 8 8 6 6 8 8 6 6 8 6 6 8 6 6 8 8 -1 -1 -1 -1 -1 -1 -1 -1 -1 -1 -1 -1 -1 -1 -1 -1 -1 -1 -1 -1 -1 -1 -1 -1 -1 -1 -1 -1 -1 -1 -1 -1 -1 -1 -1 -1 -1 -1 -1 -1 -1 -1 -1 -1 -1 -1 -1 -1 -1 -1
-1 -1 -1 -1 -1 -1 -1 8 8 8 8 8 8 8 8 8 6 8 8 8 8 8 8 8 8 8 8 8 8 8 8 6 6 8 8 8 6 8 6 6 8 8 6 -1 -1 -1 -1 -1 -1 -1 -1 -1 -1 -1 -1 -1 -1 -1 -1 -1 -1 -1 -1 -1 -1 -1 -1 -1 -1 -1 -1 -1 -1 -1 -1 -1 -1 -1 -1 -1 -1 -1 -1 -1 -1 -1 -1 -1 -1 -1 -1 -1 -1 -1 -1 -1
-1 -1 -1 -1 -1 -1 -1 -1 8 8 8 8 8 8 8 8 6 4 8 3 3 8 8 8 8 8 8 8 8 8 6 6 8 8 8 8 6 6 6 8 -1 -1 -1 -1 -1 -1 -1 -1 -1 -1 -1 -1 -1 -1 -1 -1 -1 -1 -1 -1 -1 -1 -1 -1 -1 -1 -1 -1 -1 -1 -1 -1 -1 -1 -1 -1 -1 -1 -1 -1 -1 -1 -1 -1 -1 -1 -1 -1 -1 -1 -1 -1 -1 -1 -1 -1
-1 -1 -1 -1 -1 -1 -1 -1 8 8 8 8 8 8 8 6 6 4 8 3 3 3 3 8 8 8 8 8 8 8 6 8 8 8 8 8 8 -1 -1 -1 -1 -1 -1 -1 -1 -1 -1 -1 -1 -1 -1 -1 -1 -1 -1 -1 -1 -1 -1 -1 -1 -1 -1 -1 -1 -1 -1 -1 -1 -1 -1 -1 -1 -1 -1 -1 -1 -1 -1 -1 -1 -1 -1 -1 -1 -1 -1 -1 -1 -1 -1 -1 -1 -1 -1 -1
-1 -1 -1 -1 -1 -1 -1 -1 8 8 8 8 8 8 4 6 8 8 8 3 3 8 8 8 8 8 8 8 8 8 6 6 8 8 -1 -1 -1 -1 -1 -1 -1 -1 -1 -1 -1 -1 -1 -1 -1 -1 -1 -1 -1 -1 -1 -1 -1 -1 -1 -1 -1 -1 -1 -1 -1 -1 -1 -1 -1 -1 -1 -1 -1 -1 -1 -1 -1 -1 -1 -1 -1 -1 -1 -1 -1 -1 -1 -1 -1 -1 -1 -1 -1 -1 -1 -1
-1 -1 -1 -1 -1 -1 -1 -1 -1 6 6 6 6 6 6 6 8 8 8 8 8 8 8 8 8 8 8 8 8 8 8 6 -1 -1 -1 -1 -1 -1 -1 -1 -1 -1 -1 -1 -1 -1 -1 -1 -1 -1 -1 -1 -1 -1 -1 -1 -1 -1 -1 -1 -1 -1 -1 -1 -1 -1 -1 -1 -1 -1 -1 -1 -1 -1 -1 -1 -1 -1 -1 -1 -1 -1 -1 -1 -1 -1 -1 -1 -1 -1 -1 -1 -1 -1 -1 -1
-1 -1 -1 -1 -1 -1 -1 -1 -1 6 1 1 1 2 2 8 8 8 8 4 4 4 8 8 8 8 8 8 8 -1 -1 -1 -1 -1 -1 -1 -1 -1 -1 -1 -1 -1 -1 -1 -1 -1 -1 -1 -1 -1 -1 -1 -1 -1 -1 -1 -1 -1 -1 -1 -1 -1 -1 -1 -1 -1 -1 -1 -1 -1 -1 -1 -1 -1 -1 -1 -1 -1 -1 -1 -1 -1 -1 -1 -1 -1 -1 -1 -1 -1 -1 -1 -1 -1 -1 -1
-1 -1 -1 -1 -1 -1 -1 -1 -1 6 6 6 6 6 6 6 6 6 6 6 6 8 8 8 8 8 -1 -1 -1 -1 -1 -1 -1 -1 -1 -1 -1 -1 -1 -1 -1 -1 -1 -1 -1 -1 -1 -1 -1 -1 -1 -1 -1 -1 -1 -1 -1 -1 -1 -1 -1 -1 -1 -1 -1 -1 -1 -1 -1 -1 -1 -1 -1 -1 -1 -1 -1 -1 -1 -1 -1 -1 -1 -1 -1 -1 -1 -1 -1 -1 -1 -1 -1 -1 -1 -1
-1 -1 -1 -1 -1 -1 -1 -1 -1 -1 8 8 8 8 8 8 4 4 4 5 6 0 8 -1 -1 -1 -1 -1 -1 -1 -1 -1 -1 -1 -1 -1 -1 -1 -1 -1 -1 -1 -1 -1 -1 -1 -1 -1 -1 -1 -1 -1 -1 -1 -1 -1 -1 -1 -1 -1 -1 -1 -1 -1 -1 -1 -1 -1 -1 -1 -1 -1 -1 -1 -1 -1 -1 -1 -1 -1 -1 -1 -1 -1 -1 -1 -1 -1 -1 -1 -1 -1 -1 -1 -1 -1
-1 -1 -1 -1 -1 -1 -1 -1 -1 -1 8 8 8 8 8 8 8 8 8 8 -1 -1 -1 -1 -1 -1 -1 -1 -1 -1 -1 -1 -1 -1 -1 -1 -1 -1 -1 -1 -1 -1 -1 -1 -1 -1 -1 -1 -1 -1 -1 -1 -1 -1 -1 -1 -1 -1 -1 -1 -1 -1 -1 -1 -1 -1 -1 -1 -1 -1 -1 -1 -1 -1 -1 -1 -1 -1 -1 -1 -1 -1 -1 -1 -1 -1 -1 -1 -1 -1 -1 -1 -1 -1 -1 -1
-1 -1 -1 -1 -1 -1 -1 -1 -1 -1 -1 8 8 8 8 8 8 -1 -1 -1 -1 -1 -1 -1 -1 -1 -1 -1 -1 -1 -1 -1 -1 -1 -1 -1 -1 -1 -1 -1 -1 -1 -1 -1 -1 -1 -1 -1 -1 -1 -1 -1 -1 -1 -1 -1 -1 -1 -1 -1 -1 -1 -1 -1 -1 -1 -1 -1 -1 -1 -1 -1 -1 -1 -1 -1 -1 -1 -1 -1 -1 -1 -1 -1 -1 -1 -1 -1 -1 -1 -1 -1 -1 -1 -1 -1
-1 -1 -1 -1 -1 -1 -1 -1 -1 -1 -1 8 8 8 8 -1 -1 -1 -1 -1 -1 -1 -1 -1 -1 -1 -1 -1 -1 -1 -1 -1 -1 -1 -1 -1 -1 -1 -1 -1 -1 -1 -1 -1 -1 -1 -1 -1 -1 -1 -1 -1 -1 -1 -1 -1 -1 -1 -1 -1 -1 -1 -1 -1 -1 -1 -1 -1 -1 -1 -1 -1 -1 -1 -1 -1 -1 -1 -1 -1 -1 -1 -1 -1 -1 -1 -1 -1 -1 -1 -1 -1 -1 -1 -1 -1
-1 -1 -1 -1 -1 -1 -1 -1 -1 -1 -1 8 -1 -1 -1 -1 -1 -1 -1 -1 -1 -1 -1 -1 -1 -1 -1 -1 -1 -1 -1 -1 -1 -1 -1 -1 -1 -1 -1 -1 -1 -1 -1 -1 -1 -1 -1 -1 -1 -1 -1 -1 -1 -1 -1 -1 -1 -1 -1 -1 -1 -1 -1 -1 -1 -1 -1 -1 -1 -1 -1 -1 -1 -1 -1 -1 -1 -1 -1 -1 -1 -1 -1 -1 -1 -1 -1 -1 -1 -1 -1 -1 -1 -1 -1 -1
